
***************************************
All the minimum and maximum information from catalogue variables


		Minimum value:		Maximum value:

Type:		 0 			 2

HIMass:		 3.0804884 			 9.194543

HaloID:		 306 			 1126044

HaloMass:	 0.6059017 		 43.890007

StellarMass:	 3.315015e-06 			 0.4515008

Sfr:		 1.8016717e-13 			 0.305366

***************************************

All the information from random Samples

Type Random Sample : 
 [2 2 1 0 2 0 2 0 0 0 0 1 0 0 0 0 0 1 1 0 2 0 0 2 1 2 1 2 0 0 1 0 0 2 2 0 2
 0 0 0 2 0 1 0 2 0 0 2 0 1]

HIMass Random Sample : 
 [6.32392   7.693631  6.77649   7.455846  7.616095  8.627541  7.626134
 9.194543  8.065215  7.2661285 7.4777937 7.579042  7.6929502 7.663487
 7.705935  7.5545435 6.7768655 8.318499  7.034734  7.8551006 7.2586246
 7.8623714 7.61513   7.246567  6.865219  7.337981  7.27515   7.6421766
 8.213961  7.712607  9.146306  8.0739765 8.816444  3.0804884 6.877582
 7.7596765 7.603822  7.7310185 7.2740617 6.6628184 7.2080574 7.173287
 8.258555  7.418545  5.774604  8.14385   7.527928  7.613286  7.907101
 7.529094 ]

HaloID Random Sample : 
 [    306   63301  234398 1109588   89354  328726   97317  206676  718076
  943844  950516  109732  753994  837320  833221  758078  954847   89047
     381  521712  120532  269030  602679  128705    6809   61893  273473
   33243  318412  776425  173137  870329  238137   12951   85331  970371
  119091  615298 1126044  755959   90528  979795    1008  552393  152192
  657113  353026  212079  379335   66734]

HaloMass Random Sample : 
 [ 0.68163943  0.62483615  1.1928691   0.75737715  0.6437706   7.7631164
  0.62483615 43.890007    1.3064756   0.75737715  0.96565586  0.94672143
  1.4011477   1.0792624   1.1739346   1.3443445   0.9088526   2.8969676
  7.649509    2.6318855   0.75737715 14.806724    2.0638528   0.6059017
  0.98459035  0.70057386  0.70057386  0.7195083   7.5169683   1.2496723
 29.802792    1.0792624  14.125085    1.32541     0.6437706   0.88991815
  0.6059017   1.9502461   0.7384427   1.4011477   0.6059017   0.927787
  2.6318855   2.3668036   0.7195083   1.6662298   6.1536894   1.2686067
  5.4152465   0.8141805 ]

StellarMass Random Sample : 
 [3.36390309e-04 4.96490684e-05 6.73447270e-03 8.07494856e-04
 1.25315785e-03 3.28100398e-02 2.48045358e-03 4.51500803e-01
 2.41482607e-03 1.06193358e-03 5.68762880e-05 1.14186285e-02
 2.93999119e-03 3.41594772e-04 1.20874890e-03 5.40471030e-03
 3.31501496e-06 1.75114069e-02 3.92759144e-01 1.13583347e-02
 1.06267026e-03 5.52957989e-02 7.57628353e-03 6.96592964e-03
 1.00366855e-02 1.89067591e-02 7.07047619e-03 7.16749113e-04
 4.06581871e-02 2.32686405e-03 2.96871036e-01 6.13409618e-04
 6.74849525e-02 2.40035579e-02 1.80536730e-03 2.61239335e-03
 5.53363177e-04 5.07813832e-03 3.51775861e-06 6.53955154e-03
 3.48902075e-04 3.56137287e-04 1.62318349e-02 2.44447403e-02
 6.54627918e-04 5.27696509e-04 2.82127336e-02 1.74929164e-02
 2.76271906e-02 8.27980880e-03]

Sfr Random Sample : 
 [3.20812214e-05 1.06097934e-04 8.03561124e-04 1.04878782e-05
 2.47343152e-04 5.16594062e-03 2.81058426e-04 3.64283174e-02
 1.85678899e-03 4.19466145e-04 3.58226040e-04 2.27056607e-03
 6.21280284e-04 2.05939810e-04 1.21574523e-03 1.93664955e-03
 8.35968312e-05 1.72527265e-02 8.30314588e-04 4.49925056e-03
 2.01892821e-04 1.51420292e-02 2.42599007e-03 2.23330129e-03
 7.31532273e-05 2.92994955e-04 2.30446138e-04 9.41195322e-05
 2.26836093e-03 8.80476073e-05 4.99311872e-02 2.19932757e-04
 3.05366009e-01 1.80167174e-13 8.98718354e-05 4.07135551e-04
 2.01477160e-04 3.61496187e-03 1.04652383e-06 3.35886842e-03
 4.08205851e-05 4.50268853e-05 7.80235417e-03 2.55795266e-03
 2.75409525e-06 4.29937663e-03 4.05336003e-04 4.02938022e-04
 2.08130362e-03 1.17458298e-03]
